00:10:01        16.13      0.88     15.25     16.88    426.59
00:20:01        14.26      0.37     13.89      6.14    394.87
00:30:01        14.28      0.23     14.06      5.36    410.30
00:40:01        15.11      0.19     14.92      2.90    428.73
00:50:01        15.09      0.23     14.86      3.23    423.98
01:00:01        14.76      0.24     14.52      3.47    405.73
01:10:01        22.68      6.66     16.02    326.47    486.99
01:20:01        15.08      0.27     14.81      4.11    414.75
01:30:01        14.11      0.22     13.89      3.72    330.48
01:40:01        13.85      0.21     13.64      3.26    331.20
01:50:01        12.90      0.19     12.70      2.63    293.68
02:00:01        13.81      0.15     13.65      2.51    327.65
02:10:01        14.03      0.18     13.85      5.87    360.59
02:20:01        14.68      0.37     14.32      7.40    347.11
02:30:01        13.77      0.26     13.50      5.84    322.30
02:40:01        14.37      0.28     14.09      4.46    340.64
02:50:01        14.95      0.45     14.50     14.27    355.31
03:00:01        14.78      0.19     14.58      3.96    370.95
03:10:01        56.35     40.22     16.13   1993.21    909.14
03:20:01        14.41      0.19     14.23      3.53    372.42
03:30:01        26.84      3.27     23.57    161.36    524.27
03:40:01        14.69      0.31     14.38      6.76    394.34
03:50:01        16.55      0.40     16.15     24.46    414.77
04:00:02        15.73      0.26     15.47      3.61    400.39
04:10:01        16.06      0.24     15.82      2.73    421.72
04:20:01        15.33      0.18     15.15      2.59    400.27
04:30:01        15.95      0.23     15.72      4.25    413.04
04:40:01        15.50      0.20     15.30      2.73    432.63
04:50:01        15.73      0.23     15.50      3.50    421.48
05:00:01        16.04      0.37     15.67      5.49    409.67
05:10:01        15.60      0.35     15.25      5.53    405.56
05:20:01        15.47      0.28     15.19      5.78    396.77
05:30:02        14.56      0.29     14.27      5.49    392.00
05:40:01        15.48      0.40     15.08      8.22    413.03
05:50:01        16.81      0.41     16.40     14.46    467.65
06:00:01        16.72      0.41     16.31      8.41    451.79
06:10:01        16.98      0.99     16.00     15.82    519.22
06:20:01        19.39      0.67     18.72     20.49    606.36
06:30:01        16.93      0.37     16.56      5.92    539.67
06:40:01        17.22      0.41     16.81      9.01    546.07
06:50:01        16.80      0.54     16.27     13.03    555.24
07:00:01        17.45      0.86     16.59     17.38    536.01
07:10:01        22.52      0.63     21.90      9.04    592.65
07:20:01        23.70      7.90     15.80     72.66    505.05
07:30:01        14.86      0.44     14.42      6.34    395.00
07:40:01        16.40      0.35     16.05      5.40    450.01
07:50:01        16.20      0.45     15.75     10.34    429.17
08:00:01        16.98      0.43     16.55      8.12    455.85
08:10:01        16.52      0.40     16.12      7.16    440.42
08:20:01        19.21      0.49     18.71     17.30    504.46
08:30:01        16.82      0.36     16.46      5.76    435.72
08:40:01        16.27      0.26     16.00      5.59    424.59
08:50:01        16.67      0.34     16.33      6.32    427.74
09:00:01        16.55      0.34     16.22      5.43    437.14
09:10:01        16.78      0.35     16.43      6.60    439.67
09:20:01        16.12      0.23     15.89      3.40    428.13
09:30:01        16.83      0.34     16.48      6.23    451.52
09:40:01        16.19      0.27     15.92      5.24    463.96
09:50:01        16.78      0.29     16.49      5.00    447.94
10:00:01        16.61      0.32     16.29      6.66    441.43
10:10:01        16.95      0.32     16.63      6.91    442.98
10:20:01        16.74      0.24     16.50      4.20    453.69
10:30:01        16.52      0.25     16.27      9.27    468.09
10:40:01        16.49      0.23     16.27      3.81    460.50
10:50:01        16.88      0.30     16.58     12.34    457.10
11:00:01        16.32      0.20     16.12      2.71    442.28
11:10:01        16.66      0.29     16.37      6.08    447.49
11:20:01        26.17      0.72     25.46     17.03    631.33
11:30:01        17.66      0.27     17.40      5.50    456.87
11:40:01        31.66     14.44     17.21    129.30    306.58
11:50:01        15.98      0.37     15.61     13.42    255.16
12:00:01        17.19      0.29     16.90      6.50    266.11
12:10:01        20.65      2.90     17.75     81.56    358.91
12:20:01        17.65      0.26     17.39      3.76    366.33
12:30:02        19.08      0.62     18.46     10.72    388.65
12:40:01        16.74      0.31     16.43      5.35    356.74
12:50:01        17.57      0.24     17.33      4.45    369.49
13:00:01        17.10      0.20     16.90      5.36    357.33
13:10:01        14.37      0.32     14.06      5.55    334.39
13:20:01        18.36      0.41     17.96      8.51    350.24
13:30:01        30.65      8.43     22.22    531.38    413.86
13:40:01        18.08      0.34     17.74      8.41    267.91
13:50:01        18.88      0.60     18.28     13.86    376.40
14:00:01        17.73      0.96     16.77     22.70    511.90
14:10:01        45.30     24.43     20.88   1911.40    594.98
14:20:01        18.17      0.79     17.39     15.72    486.07
14:30:01        17.06      0.68     16.38     12.19    466.50
14:40:01        16.85      0.46     16.39     10.37    444.83
14:50:01        17.76      0.45     17.30      9.66    507.59
15:00:01        18.07      0.39     17.68      6.87    503.34
15:10:01        18.13      0.54     17.59     11.49    517.97
15:20:01        18.31      0.28     18.02      4.56    540.61
15:30:01        21.54      0.96     20.58     33.69    630.44
15:40:01        19.40      0.66     18.74     10.93    566.97
15:50:01        20.71      0.54     20.17     19.27    623.15
16:00:01        21.52      0.60     20.92     29.78    659.41
16:10:01        20.74      0.48     20.26     19.28    627.75
16:20:01        19.47      0.33     19.14      5.87    581.77
16:30:01        19.26      0.32     18.94      7.18    567.28
16:40:01        17.60      0.32     17.29      4.87    526.42
16:50:01        17.92      0.22     17.70      3.22    526.32
17:00:01        17.39      0.68     16.71     10.35    532.96
17:10:01        17.30      0.29     17.01      4.43    498.09
17:20:01        16.76      0.28     16.48      4.84    481.73
17:30:01        17.18      0.29     16.89      5.47    482.10
17:40:01        16.38      0.22     16.16      3.17    467.08
17:50:01        16.76      0.17     16.59      2.32    456.96
18:00:01        18.80      0.44     18.36     24.78    530.35
18:10:01        18.70      2.66     16.04     48.43    523.12
18:20:01        16.98      0.79     16.19     16.01    504.36
18:30:01        17.64      0.67     16.98     13.95    502.07
18:40:01        16.06      0.49     15.57     10.43    477.95
18:50:01        16.77      0.58     16.19     13.60    488.42
19:00:01        16.60      0.44     16.16      7.79    481.30
19:10:01        16.05      0.31     15.74      5.40    457.84
19:20:01        16.49      0.33     16.16      7.31    483.06
19:30:01        14.76      0.28     14.47      4.68    355.29
19:40:01        14.72      0.22     14.50      3.35    349.14
19:50:01        14.39      0.21     14.18      2.93    338.76
20:00:01        14.22      0.22     13.99      3.54    321.16
20:10:01        14.64      0.68     13.96     14.25    323.84
20:20:01        15.73      0.36     15.37     13.46    370.40
20:30:01        14.14      0.18     13.96      2.00    327.81
20:40:01        13.93      0.14     13.79      1.94    320.53
20:50:01        15.13      0.25     14.88      4.19    327.36
21:00:01        13.92      0.23     13.69      4.02    312.29
21:10:01        15.99      0.35     15.64     13.25    370.28
21:20:01        14.97      0.17     14.80      2.81    320.82
21:30:01        13.92      0.13     13.80      1.43    313.10
21:40:01        14.25      0.15     14.10      1.84    324.70
21:50:01        14.15      0.22     13.94      3.46    321.36
22:00:01        13.86      0.19     13.67      2.85    313.00
22:10:01        13.78      0.20     13.58      3.67    309.77
22:20:01        13.64      0.16     13.48      1.58    303.33
22:30:01        13.46      0.12     13.34      1.20    302.00
22:40:01        13.68      0.20     13.48      2.62    304.17
22:50:01        14.35      0.24     14.11      5.18    317.66
23:00:01        13.72      0.17     13.55      2.94    300.11
23:10:01        14.02      0.18     13.84      2.19    303.50
23:20:01        13.93      0.19     13.74      3.34    302.02
23:30:01        14.06      0.17     13.89      2.43    305.43
23:40:01        14.34      0.24     14.10      2.91    309.60
23:50:01        14.55      0.18     14.38      2.23    311.08
