00:10:01            4       711      2.23      2.07      1.77
00:20:01            2       712      0.46      0.81      1.27
00:30:01            3       714      0.72      0.74      1.01
00:40:01            3       712      1.74      1.57      1.28
00:50:01            0       710      0.74      1.48      1.45
01:00:01            2       718      1.19      1.09      1.19
01:10:01            0       709      0.29      0.86      1.05
01:20:01            1       714      0.72      0.83      0.90
01:30:01            2       653      0.71      0.90      0.90
01:40:01            0       652      3.21      2.10      1.43
01:50:01            3       647      1.24      1.73      1.63
02:00:01            3       656      0.46      0.61      1.08
02:10:01            1       649      0.12      0.37      0.72
02:20:01            0       647      0.31      0.37      0.54
02:30:01            2       677      0.22      0.31      0.42
02:40:01            0       646      1.87      0.96      0.62
02:50:01            5       659      2.14      1.80      1.24
03:00:01            4       653      2.60      1.82      1.38
03:10:01            0       657      1.87      2.20      1.81
03:20:01            1       657      1.08      1.46      1.59
03:30:01            2       919      1.44      1.63      1.62
03:40:01            2       657      1.43      1.26      1.39
03:50:01            1       650      0.71      1.09      1.26
04:00:02            3       663      0.53      0.61      0.94
04:10:01            3       657      0.82      0.72      0.80
04:20:01            1       656      2.51      1.55      1.06
04:30:01            2       659      1.87      1.93      1.53
04:40:01            2       652      0.36      0.78      1.14
04:50:01            1       662      1.91      1.69      1.39
05:00:01            3       662      0.88      1.20      1.28
05:10:01            1       651      1.06      1.18      1.23
05:20:01            1       668      2.16      1.56      1.31
05:30:02            2       657      0.95      1.45      1.41
05:40:01            4       658      0.74      0.78      1.06
05:50:01            5       653      2.81      1.77      1.33
06:00:01            4       690      2.06      2.27      1.85
06:10:01            4       720      1.22      1.92      2.03
06:20:01            2       725      2.41      2.54      2.36
06:30:01            4       723      4.18      2.83      2.51
06:40:01            7       713      2.22      2.28      2.36
06:50:01            1       715      2.84      2.92      2.66
07:00:01            7       728      3.41      2.87      2.71
07:10:01            5       716      3.71      3.11      2.84
07:20:01            3       651      1.01      1.94      2.54
07:30:01            1       672      3.09      3.05      2.83
07:40:01            4       659      1.13      1.50      2.15
07:50:01            4       654      3.36      2.58      2.26
08:00:01            7       720      4.65      4.47      3.39
08:10:01            2       661      1.28      2.47      2.91
08:20:01            1       657      1.45      1.55      2.19
08:30:01            5       682      1.43      1.49      1.85
08:40:01            4       675      1.78      1.48      1.65
08:50:01            3       678      2.31      2.21      1.94
09:00:01            2       660      1.27      1.51      1.70
09:10:01            2       707      0.94      1.05      1.38
09:20:01            5       658      1.36      1.36      1.33
09:30:01            7       667      1.13      1.61      1.52
09:40:01            2       715      2.39      1.41      1.34
09:50:01            4       660      1.39      1.58      1.45
10:00:01            4       700      0.71      0.83      1.08
10:10:01            2       665      0.50      0.68      0.87
10:20:01            3       662      1.30      1.22      1.03
10:30:01            2       709      1.64      1.40      1.17
10:40:01            2       660      0.91      1.20      1.21
10:50:01            2       660      0.70      0.73      0.92
11:00:01            2       705      1.84      1.37      1.08
11:10:01            3       662      2.19      2.53      1.93
11:20:01            2       657      0.71      1.36      1.66
11:30:01            2       931      1.33      1.19      1.41
11:40:01            0      1328      0.91      1.54      1.62
11:50:01            0      1328      0.38      0.91      1.27
12:00:01            1      1335      1.11      1.04      1.17
12:10:01            0      1394      0.70      1.36      1.44
12:20:01            2      1395      1.99      1.25      1.21
12:30:02           25      1398      0.82      0.95      1.04
12:40:01            2      1394      0.30      0.86      1.00
12:50:01            0      1395      0.35      0.64      0.81
13:00:01            1      1397      1.60      1.12      0.95
13:10:01            2       843      0.94      1.32      1.09
13:20:01            1      1330      0.33      0.60      0.82
13:30:01            1      1337      1.00      0.82      0.81
13:40:01            0      1336      0.74      0.66      0.70
13:50:01           20       984      9.73      4.26      2.00
14:00:01            5       679      1.78      2.61      2.46
14:10:01            6       675      1.66      1.35      1.83
14:20:01            6       711      0.92      1.21      1.57
14:30:01            4       668      1.80      1.59      1.55
14:40:01            2       702      2.87      2.78      2.10
14:50:01            7       668      2.17      2.61      2.31
15:00:01            4       760      2.40      2.31      2.30
15:10:01            2       674      2.64      2.81      2.59
15:20:01            3       757      2.00      3.00      2.88
15:30:01            8       724      1.85      2.25      2.52
15:40:01            5       684      2.09      2.07      2.26
15:50:01            4       864      2.69      2.47      2.30
16:00:01           11       777      3.74      4.76      3.75
16:10:01            6       722      5.55      5.19      4.39
16:20:01            4       675      2.53      3.02      3.64
16:30:01            4       688      2.62      2.76      3.17
16:40:01            4       682      1.10      1.95      2.63
16:50:01            9       714      1.83      1.91      2.25
17:00:01            7       743      2.64      2.38      2.24
17:10:01            4       658      2.35      2.88      2.56
17:20:01            5       668      1.78      2.31      2.43
17:30:01            8       695      4.30      3.06      2.64
17:40:01            1       678      1.70      2.18      2.42
17:50:01            1       660      0.48      0.68      1.47
18:00:01            3       666      2.04      1.48      1.45
18:10:01            1       714      2.90      2.73      2.32
18:20:01            1       713      2.54      2.39      2.27
18:30:01            0       714      1.22      1.35      1.77
18:40:01            1       709      2.45      1.43      1.46
18:50:01            3       711      0.51      1.24      1.44
19:00:01            7       720      0.63      0.74      1.07
19:10:01            1       842      0.51      0.43      0.72
19:20:01            5       649      0.31      0.38      0.57
19:30:01            3       650      0.11      0.30      0.45
19:40:01            2       648      0.88      0.96      0.74
19:50:01            1       646      1.24      1.24      0.95
20:00:01            6       654      0.47      0.83      0.89
20:10:01            2       645      0.20      0.35      0.61
20:20:01            1       646      0.57      0.43      0.51
20:30:01            2       646      0.50      0.77      0.67
20:40:01            1       653      0.69      0.52      0.57
20:50:01            0       647      1.26      1.11      0.85
21:00:01            2       650      2.41      1.59      1.13
21:10:01            3       645      0.36      0.99      1.12
21:20:01            2       646      1.18      0.69      0.82
21:30:01            4       650      0.93      0.94      0.90
21:40:01            1       646      0.20      0.37      0.60
21:50:01            2       646      1.31      1.01      0.79
22:00:01            3       656      0.89      0.88      0.82
22:10:01            2       646      1.02      0.54      0.59
22:20:01            2       646      0.98      0.93      0.80
22:30:01            3       645      1.41      1.73      1.34
22:40:01            1       645      0.75      0.75      1.01
22:50:01            1       646      1.72      1.06      0.96
23:00:01            3       651      1.92      1.43      1.14
23:10:01            1       644      2.94      2.43      1.77
23:20:01            1       646      1.09      1.37      1.55
23:30:01            1       645      0.97      0.85      1.11
23:40:01            0       645      0.24      0.54      0.82
23:50:01            0       645      0.82      0.77      0.76
