00:10:01      9695684    790068      7.53     27916      3.53
00:20:01      9695684    790068      7.53     27916      3.53
00:30:01      9695684    790068      7.53     27916      3.53
00:40:01      9695700    790052      7.53     27904      3.53
00:50:01      9695704    790048      7.53     27904      3.53
01:00:01      9695716    790036      7.53     27892      3.53
01:10:01      9695688    790064      7.53     28072      3.55
01:20:01      9695696    790056      7.53     28064      3.55
01:30:01      9695700    790052      7.53     28060      3.55
01:40:01      9695708    790044      7.53     28052      3.55
01:50:01      9695720    790032      7.53     28040      3.55
02:00:01      9695728    790024      7.53     28032      3.55
02:10:01      9695732    790020      7.53     28060      3.55
02:20:01      9695740    790012      7.53     28052      3.55
02:30:01      9695764    789988      7.53     28060      3.55
02:40:01      9695772    789980      7.53     28052      3.55
02:50:01      9695784    789968      7.53     28072      3.55
03:00:01      9695748    790004      7.53     28064      3.55
03:10:01      9695760    789992      7.53     28072      3.55
03:20:01      9695768    789984      7.53     28064      3.55
03:30:01      9695608    790144      7.54     28312      3.58
03:40:01      9695696    790056      7.53     28300      3.58
03:50:01      9695716    790036      7.53     28376      3.59
04:00:02      9695720    790032      7.53     28372      3.59
04:10:01      9695720    790032      7.53     28372      3.59
04:20:01      9695744    790008      7.53     28448      3.60
04:30:01      9695756    789996      7.53     28468      3.60
04:40:01      9695644    790108      7.54     28484      3.61
04:50:01      9695660    790092      7.53     28532      3.61
05:00:01      9695632    790120      7.54     28520      3.61
05:10:01      9695640    790112      7.54     28544      3.61
05:20:01      9695652    790100      7.53     28532      3.61
05:30:02      9695652    790100      7.53     28532      3.61
05:40:01      9695652    790100      7.53     28532      3.61
05:50:01      9695684    790068      7.53     28532      3.61
06:00:01      9695684    790068      7.53     28564      3.62
06:10:01      9695172    790580      7.54     28620      3.62
06:20:01      9695272    790480      7.54     28616      3.62
06:30:01      9695300    790452      7.54     28588      3.62
06:40:01      9695324    790428      7.54     28588      3.62
06:50:01      9695308    790444      7.54     28612      3.62
07:00:01      9695072    790680      7.54     28396      3.59
07:10:01      9695120    790632      7.54     28620      3.62
07:20:01      9694700    791052      7.54     26568      3.36
07:30:01      9694720    791032      7.54     26580      3.36
07:40:01      9694748    791004      7.54     26608      3.36
07:50:01      9694760    790992      7.54     26604      3.36
08:00:01      9694784    790968      7.54     26840      3.39
08:10:01      9694800    790952      7.54     26856      3.40
08:20:01      9694836    790916      7.54     26872      3.40
08:30:01      9694848    790904      7.54     26876      3.40
08:40:01      9694852    790900      7.54     26872      3.40
08:50:01      9694860    790892      7.54     26904      3.40
09:00:01      9694868    790884      7.54     26900      3.40
09:10:01      9694892    790860      7.54     26980      3.41
09:20:01      9694900    790852      7.54     26976      3.41
09:30:01      9694920    790832      7.54     26988      3.41
09:40:01      9694928    790824      7.54     27012      3.42
09:50:01      9694940    790812      7.54     27004      3.41
10:00:01      9694948    790804      7.54     27000      3.41
10:10:01      9694948    790804      7.54     27032      3.42
10:20:01      9694952    790800      7.54     27056      3.42
10:30:01      9694952    790800      7.54     27056      3.42
10:40:01      9694956    790796      7.54     27104      3.43
10:50:01      9694960    790792      7.54     27104      3.43
11:00:01      9694968    790784      7.54     27096      3.43
11:10:01      9694972    790780      7.54     27092      3.43
11:20:01      9695008    790744      7.54     27136      3.43
11:30:01      9695056    790696      7.54     27408      3.47
11:40:01      9690328    795424      7.59     26744      3.36
11:50:01      9689876    795876      7.59     26192      3.29
12:00:01      9689368    796384      7.59     26212      3.29
12:10:01      9690452    795300      7.58     23168      2.91
12:20:01      9690456    795296      7.58     23164      2.91
12:30:02      9690496    795256      7.58     23344      2.94
12:40:01      9690496    795256      7.58     23344      2.94
12:50:01      9690496    795256      7.58     23344      2.94
13:00:01      9690496    795256      7.58     23344      2.94
13:10:01      9690240    795512      7.59     23368      2.94
13:20:01      9690244    795508      7.59     23396      2.94
13:30:01      9690484    795268      7.58     24188      3.04
13:40:01      9690488    795264      7.58     24280      3.05
13:50:01      9690824    794928      7.58     24280      3.05
14:00:01      9690852    794900      7.58     24316      3.06
14:10:01      9690884    794868      7.58     24480      3.08
14:20:01      9690892    794860      7.58     24504      3.08
14:30:01      9690868    794884      7.58     24504      3.08
14:40:01      9690868    794884      7.58     24504      3.08
14:50:01      9690872    794880      7.58     24500      3.08
15:00:01      9690872    794880      7.58     24500      3.08
15:10:01      9690872    794880      7.58     24500      3.08
15:20:01      9690872    794880      7.58     24500      3.08
15:30:01      9690880    794872      7.58     24560      3.09
15:40:01      9690868    794884      7.58     24568      3.09
15:50:01      9690872    794880      7.58     24568      3.09
16:00:01      9690880    794872      7.58     24580      3.09
16:10:01      9690880    794872      7.58     24612      3.10
16:20:01      9690860    794892      7.58     24616      3.10
16:30:01      9690868    794884      7.58     24640      3.10
16:40:01      9690876    794876      7.58     24696      3.11
16:50:01      9690876    794876      7.58     24696      3.11
17:00:01      9690568    795184      7.58     24832      3.12
17:10:01      9690568    795184      7.58     24832      3.12
17:20:01      9690572    795180      7.58     24860      3.13
17:30:01      9690572    795180      7.58     24860      3.13
17:40:01      9690576    795176      7.58     24856      3.13
17:50:01      9690576    795176      7.58     24856      3.13
18:00:01      9690584    795168      7.58     24904      3.13
18:10:01      9682680    803072      7.66     22848      2.85
18:20:01      9682692    803060      7.66     22868      2.85
18:30:01      9682692    803060      7.66     22868      2.85
18:40:01      9682692    803060      7.66     22868      2.85
18:50:01      9682692    803060      7.66     22868      2.85
19:00:01      9682692    803060      7.66     22868      2.85
19:10:01      9682696    803056      7.66     22864      2.85
19:20:01      9682708    803044      7.66     22856      2.85
19:30:01      9682712    803040      7.66     22852      2.85
19:40:01      9682712    803040      7.66     22852      2.85
19:50:01      9682716    803036      7.66     22848      2.85
20:00:01      9682720    803032      7.66     22844      2.84
20:10:01      9682720    803032      7.66     23424      2.92
20:20:01      9682724    803028      7.66     23420      2.92
20:30:01      9682732    803020      7.66     23476      2.92
20:40:01      9682732    803020      7.66     23476      2.92
20:50:01      9682732    803020      7.66     23476      2.92
21:00:01      9682740    803012      7.66     23532      2.93
21:10:01      9682744    803008      7.66     23528      2.93
21:20:01      9682716    803036      7.66     23472      2.92
21:30:01      9682716    803036      7.66     23472      2.92
21:40:01      9682720    803032      7.66     23500      2.93
21:50:01      9682740    803012      7.66     23592      2.94
22:00:01      9682740    803012      7.66     23592      2.94
22:10:01      9682696    803056      7.66     23672      2.95
22:20:01      9682696    803056      7.66     23672      2.95
22:30:01      9682696    803056      7.66     23672      2.95
22:40:01      9682696    803056      7.66     23672      2.95
22:50:01      9682696    803056      7.66     23672      2.95
23:00:01      9682696    803056      7.66     23672      2.95
23:10:01      9682700    803052      7.66     23700      2.95
23:20:01      9682700    803052      7.66     23700      2.95
23:30:01      9682704    803048      7.66     23696      2.95
23:40:01      9682704    803048      7.66     23696      2.95
23:50:01      9682648    803104      7.66     23672      2.95
